-2200.000000
2200.000000
4200.000000
0.000000
1.000000
0.000000
1.000000
1.000000
2200.000000
2200.000000
4200.000000
0.000000
1.000000
0.000000
0.000000
1.000000
2199.951172
2200.000000
-200.000000
0.000000
1.000000
0.000000
0.000000
0.000000
0.000000
0
2199.951172
2200.000000
-200.000000
0.000000
1.000000
0.000000
0.000000
0.000000
-2200.000000
2200.000000
-200.000000
0.000000
1.000000
0.000000
1.000000
0.000000
-2200.000000
2200.000000
4200.000000
0.000000
1.000000
0.000000
1.000000
1.000000
0.000000
0
2000.000000
2000.000000
0.000000
0.000000
-1.000000
0.000000
0.000000
0.000000
2000.000000
2000.000000
4000.000000
0.000000
-1.000000
0.000000
0.000000
1.000000
-2000.000000
2000.000000
4000.000000
0.000000
-1.000000
0.000000
1.000000
1.000000
0.000000
0
-2000.000000
2000.000000
4000.000000
0.000000
-1.000000
0.000000
1.000000
1.000000
-2000.000000
2000.000000
0.000000
0.000000
-1.000000
0.000000
1.000000
0.000000
2000.000000
2000.000000
0.000000
0.000000
-1.000000
0.000000
0.000000
0.000000
0.000000
0
-2200.000000
-4000.000000
4200.000000
0.000000
0.000000
1.000000
0.000000
0.000000
2200.000000
-4000.000000
4200.000000
0.000000
0.000000
1.000000
1.000000
0.000000
2200.000000
2200.000000
4200.000000
0.000000
0.000000
1.000000
1.000000
1.000000
0.000000
0
2200.000000
2200.000000
4200.000000
0.000000
0.000000
1.000000
1.000000
1.000000
-2200.000000
2200.000000
4200.000000
0.000000
0.000000
1.000000
0.000000
1.000000
-2200.000000
-4000.000000
4200.000000
0.000000
0.000000
1.000000
0.000000
0.000000
0.000000
0
2000.000000
2000.000000
4000.000000
0.000000
0.000000
-1.000000
1.000000
1.000000
2000.000000
-4000.000000
4000.000000
0.000000
0.000000
-1.000000
1.000000
0.000000
-2000.000000
-4000.000000
4000.000000
0.000000
0.000000
-1.000000
0.000000
0.000000
0.000000
0
-2000.000000
-4000.000000
4000.000000
0.000000
0.000000
-1.000000
0.000000
0.000000
-2000.000000
2000.000000
4000.000000
0.000000
0.000000
-1.000000
0.000000
1.000000
2000.000000
2000.000000
4000.000000
0.000000
0.000000
-1.000000
1.000000
1.000000
0.000000
0
2200.000000
2200.000000
4200.000000
1.000000
0.000000
0.000000
1.000000
1.000000
2200.000000
-4000.000000
4200.000000
1.000000
0.000000
0.000000
0.000000
1.000000
2200.000000
-4000.000000
-200.000000
1.000000
0.000000
0.000000
0.000000
0.000000
0.000000
0
2200.000000
-4000.000000
-200.000000
1.000000
0.000000
0.000000
0.000000
0.000000
2199.951172
2200.000000
-200.000000
1.000000
0.000000
0.000000
1.000000
0.000000
2200.000000
2200.000000
4200.000000
1.000000
0.000000
0.000000
1.000000
1.000000
0.000000
0
2000.000000
-4000.000000
0.000000
-1.000000
0.000000
0.000000
0.000000
0.000000
2000.000000
-4000.000000
4000.000000
-1.000000
0.000000
0.000000
0.000000
1.000000
2000.000000
2000.000000
4000.000000
-1.000000
0.000000
0.000000
1.000000
1.000000
0.000000
2
2000.000000
2000.000000
4000.000000
-1.000000
0.000000
0.000000
1.000000
1.000000
2000.000000
2000.000000
0.000000
-1.000000
0.000000
0.000000
1.000000
0.000000
2000.000000
-4000.000000
0.000000
-1.000000
0.000000
0.000000
0.000000
0.000000
0.000000
2
-2000.000000
-4000.000000
4000.000000
1.000000
0.000000
0.000000
1.000000
1.000000
-2000.000000
-4000.000000
0.000000
1.000000
0.000000
0.000000
1.000000
0.000000
-2000.000000
2000.000000
0.000000
1.000000
0.000000
0.000000
0.000000
0.000000
0.000000
1
-2000.000000
2000.000000
0.000000
1.000000
0.000000
0.000000
0.000000
0.000000
-2000.000000
2000.000000
4000.000000
1.000000
0.000000
0.000000
0.000000
1.000000
-2000.000000
-4000.000000
4000.000000
1.000000
0.000000
0.000000
1.000000
1.000000
0.000000
1
-2200.000000
-4000.000000
4200.000000
-1.000000
0.000000
0.000000
1.000000
1.000000
-2200.000000
2200.000000
4200.000000
-1.000000
0.000000
0.000000
0.000000
1.000000
-2200.000000
2200.000000
-200.000000
-1.000000
0.000000
0.000000
0.000000
0.000000
0.000000
0
-2200.000000
2200.000000
-200.000000
-1.000000
0.000000
0.000000
0.000000
0.000000
-2200.000000
-4000.000000
-200.000000
-1.000000
0.000000
0.000000
1.000000
0.000000
-2200.000000
-4000.000000
4200.000000
-1.000000
0.000000
0.000000
1.000000
1.000000
0.000000
0
2000.000000
2000.000000
0.000000
0.000000
0.000000
1.000000
0.000000
1.000000
-2000.000000
2000.000000
0.000000
0.000000
0.000000
1.000000
1.000000
1.000000
-2000.000000
-4000.000000
0.000000
0.000000
0.000000
1.000000
1.000000
0.000000
0.000000
0
-2000.000000
-4000.000000
0.000000
0.000000
0.000000
1.000000
1.000000
0.000000
2000.000000
-4000.000000
0.000000
0.000000
0.000000
1.000000
0.000000
0.000000
2000.000000
2000.000000
0.000000
0.000000
0.000000
1.000000
0.000000
1.000000
0.000000
0
2199.951172
2200.000000
-200.000000
0.000000
0.000000
-1.000000
0.000000
1.000000
2200.000000
-4000.000000
-200.000000
0.000000
0.000000
-1.000000
0.000000
0.000000
-2200.000000
-4000.000000
-200.000000
0.000000
0.000000
-1.000000
1.000000
0.000000
0.000000
0
-2200.000000
-4000.000000
-200.000000
0.000000
0.000000
-1.000000
1.000000
0.000000
-2200.000000
2200.000000
-200.000000
0.000000
0.000000
-1.000000
1.000000
1.000000
2199.951172
2200.000000
-200.000000
0.000000
0.000000
-1.000000
0.000000
1.000000
0.000000
0
-2000.000000
-4000.000000
4000.000000
0.000000
-1.000000
0.000000
0.000000
0.000000
2000.000000
-4000.000000
4000.000000
0.000000
-1.000000
0.000000
1.000000
0.000000
2200.000000
-4000.000000
4200.000000
0.000000
-1.000000
0.000000
1.000000
0.000000
0.000000
0
2200.000000
-4000.000000
4200.000000
0.000000
-1.000000
0.000000
1.000000
0.000000
-2200.000000
-4000.000000
4200.000000
0.000000
-1.000000
0.000000
0.000000
0.000000
-2000.000000
-4000.000000
4000.000000
0.000000
-1.000000
0.000000
0.000000
0.000000
0.000000
0
2200.000000
-4000.000000
-200.000000
0.000000
-1.000000
0.000000
0.000000
0.000000
2200.000000
-4000.000000
4200.000000
0.000000
-1.000000
0.000000
0.000000
1.000000
2000.000000
-4000.000000
4000.000000
0.000000
-1.000000
0.000000
0.000000
1.000000
0.000000
0
2000.000000
-4000.000000
4000.000000
0.000000
-1.000000
0.000000
0.000000
1.000000
2000.000000
-4000.000000
0.000000
0.000000
-1.000000
0.000000
0.000000
0.000000
2200.000000
-4000.000000
-200.000000
0.000000
-1.000000
0.000000
0.000000
0.000000
0.000000
0
-2000.000000
-4000.000000
0.000000
0.000000
-1.000000
0.000000
1.000000
0.000000
-2000.000000
-4000.000000
4000.000000
0.000000
-1.000000
0.000000
1.000000
1.000000
-2200.000000
-4000.000000
4200.000000
0.000000
-1.000000
0.000000
1.000000
1.000000
0.000000
0
-2200.000000
-4000.000000
4200.000000
0.000000
-1.000000
0.000000
1.000000
1.000000
-2200.000000
-4000.000000
-200.000000
0.000000
-1.000000
0.000000
1.000000
0.000000
-2000.000000
-4000.000000
0.000000
0.000000
-1.000000
0.000000
1.000000
0.000000
0.000000
0
-2200.000000
-4000.000000
-200.000000
0.000000
-1.000000
0.000000
1.000000
0.000000
2200.000000
-4000.000000
-200.000000
0.000000
-1.000000
0.000000
0.000000
0.000000
2000.000000
-4000.000000
0.000000
0.000000
-1.000000
0.000000
0.000000
0.000000
0.000000
0
2000.000000
-4000.000000
0.000000
0.000000
-1.000000
0.000000
0.000000
0.000000
-2000.000000
-4000.000000
0.000000
0.000000
-1.000000
0.000000
1.000000
0.000000
-2200.000000
-4000.000000
-200.000000
0.000000
-1.000000
0.000000
1.000000
0.000000
0.000000
0