55bc5555
06243e55
b25d8633
86000000
0000325d
00000000
00000000
00000000
553c5555
06243d55
325d86b3
86000000
0000b25d
00000000
00000000
00000000
003c5555
06243e00
325d86b3
00330624
f4000000
0000004a
00000000
00000000
00bc5555
06243e00
b25d8633
00b30624
f4000000
0000004a
00000000
00000000
00be0000
06243e00
33062433
24000000
f400b306
00000049
00000000
00000000
003e0000
06243e00
b30624b3
24000000
f4003306
00000049
00000000
00000000
55bd5555
5d863d55
33062432
00b25d86
f4000000
000000c9
00000000
00000000
553d5555
5d863e55
b30624b2
00325d86
f4000000
000000c9
00000000
00000000
55be5555
5d863e55
330624b2
00325d86
f4000000
00000049
00000000
00000000
553e5555
5d863d55
b3062432
00b25d86
f4000000
00000049
00000000
00000000
babdd171
dc9e3ee8
32dca032
00b2dca0
13000000
0000004a
00000000
00000000
5d3dd172
dca03a74
b2dca1b2
0032dca0
13000000
0000004a
00000000
00000000
febc2946
dca03dff
b2523f32
00b2dca0
9000a1ec
000000c6
00000000
00000000
003c2947
dca13e00
325240b2
0032dca1
90000000
000000c6
00000000
00000000
5a3c294a
dca03d6b
325240b2
40000000
0680b252
0000004b
00000000
00000000
52bc294a
dca03e4a
b2524032
40000000
06803252
0000004b
00000000
00000000
babe330c
52403ee8
32dca0b2
a0000000
1300b2dc
0000004a
00000000
00000000
5d3e330c
52403a74
b2dca032
a0000000
12ff32dc
2e08424a
00ae745d
00000000
babd3ccf
52403ee8
32dca032
a0000000
1300b2dc
000000ca
00000000
00000000
5d3d3ccf
52403a74
b2dca0b2
a0000000
130032dc
000000ca
00000000
00000000
003e0000
58100000
b3062437
00b747ae
f4000000
000000ca
00000000
00000000
00bdd174
38c93f00
32dca0b7
003747ae
f4000000
000000ca
00000000
00000000
00435800
5810c340
330624b7
003747ae
f4000000
000000ca
00000000
00000000
00c338ba
38c94350
b2dca037
00b747ae
f4000000
000000ca
00000000
00000000
00427000
0624c240
b75810b3
ae000000
f4003747
000000ca
00000000
00000000
00c24e8b
dca04260
3738c932
ae000000
f400b747
000000ca
00000000
00000000
00425000
0624c240
37581033
ae000000
f400b747
000000ca
00000000
00000000
00c23174
dca04260
b738c9b2
ae000000
f4003747
000000ca
00000000
00000000
00000000
00000000
00000000
00000000
00000000
00000000
00000000
00000000
00000000
00000000
00000000
00000000
00000000
00000000
00000000
00000000
00000000
00000000
00000000
00000000
00000000
00000000
00000000
00000000
00000000
00000000
00000000
00000000
00000000
00000000
00000000
00000000
00000000
00000000
00000000
00000000
00000000
00000000
00000000
00000000
00000000
00000000
00000000
00000000
00000000
00000000
00000000
00000000
00000000
00000000
00000000
00000000
00000000
00000000
00000000
00000000
00000000
00000000
00000000
00000000
00000000
00000000
00000000
00000000
00000000
00000000
00000000
00000000
00000000
00000000
00000000
00000000
00000000
00000000
00000000
00000000
00000000
00000000
00000000
00000000
00000000
00000000
00000000
00000000
00000000
00000000
00000000
00000000
00000000
00000000
00000000
00000000
00000000
00000000
00000000
00000000
00000000
00000000
00000000
00000000
00000000
00000000
00000000
00000000
00000000
00000000
00000000
00000000
00000000
00000000
00000000
00000000
00000000
00000000
00000000
00000000
00000000
00000000
00000000
00000000
00000000
00000000
00000000
00000000
00000000
00000000
00000000
00000000
00000000
00000000
00000000
00000000
00000000
00000000
00000000
00000000
00000000
00000000
00000000
00000000
00000000
00000000
00000000
00000000
00000000
00000000
00000000
00000000
00000000
00000000
00000000
00000000
00000000
00000000
00000000
00000000
00000000
00000000
00000000
00000000
00000000
00000000
00000000
00000000
00000000
00000000
00000000
00000000
00000000
00000000
00000000
00000000
00000000
00000000
00000000
00000000
00000000
00000000
00000000
00000000
00000000
00000000
00000000
00000000
00000000
00000000
00000000
00000000
00000000
00000000
00000000
00000000
00000000
00000000
00000000
00000000
00000000
00000000
00000000
00000000
00000000
00000000
00000000
00000000
00000000
00000000
00000000
00000000
00000000
00000000
00000000
00000000
00000000
00000000
00000000
00000000
00000000
00000000
00000000
00000000
00000000
00000000
00000000
00000000
00000000
00000000
00000000
00000000
00000000
00000000
00000000
00000000
00000000
00000000
00000000
00000000
00000000
00000000
00000000
00000000
00000000
00000000
00000000
00000000
00000000
00000000
00000000
00000000
00000000
00000000
00000000
00000000
00000000
00000000
00000000
00000000
00000000
00000000
00000000
00000000
00000000
00000000
00000000
00000000
00000000
00000000
00000000
00000000
00000000
00000000
00000000
00000000
00000000
00000000
00000000
00000000
00000000
00000000
00000000
00000000
00000000
00000000
00000000
00000000
00000000
00000000
00000000
00000000
